103.830658,217.597931,-668.987427
,86.897354,217.598694,-668.809326
,81.072800,229.914825,-668.999268
,75.997650,230.140961,-669.139832
,47.505432,218.853638,-669.056458
,34.231049,220.498108,-669.160889
,134.224655,220.852692,-669.241821
,71.432892,217.271698,-669.203308
,85.366379,213.870209,-664.000610
,79.015457,223.757568,-663.068604
,86.400467,210.433533,-658.966064
,80.813354,224.372070,-659.947693
,134.248489,212.478577,-652.760010
,124.406693,208.190369,-651.700439
,76.329651,218.479431,-654.306885
,84.231491,195.108383,-639.975342
,75.125153,218.860931,-649.181580
,134.348160,210.416351,-642.129272
,80.951645,199.985275,-642.496765
,67.121521,206.108185,-651.197876
,100.911163,182.075577,-625.062744
,69.848846,209.521545,-645.512878
,34.260742,198.242722,-634.963867
,123.444717,200.201263,-634.241821
,69.054321,195.040848,-634.833435
,61.229553,200.174835,-641.682556
,68.699219,205.377365,-641.427185
,108.550308,181.908524,-616.862915
,64.068970,203.048111,-637.892883
,58.758453,203.906021,-636.010620
,53.331329,197.046707,-632.786865
,44.691742,199.064926,-634.434814
,59.972748,213.016815,-632.119507
,133.836807,212.623840,-631.003174
,86.839523,183.699799,-622.271240
,60.983826,191.954971,-627.369263
,57.182098,197.132309,-628.619751
,44.616669,199.821426,-628.162231
,34.134827,197.635498,-624.916260
,79.807999,183.513596,-622.413208
,52.791809,196.516998,-624.160339
,118.639114,192.447388,-608.572693
,104.615829,181.796204,-615.924927
,72.393250,177.578461,-616.534302
,61.879822,184.416107,-621.140747
,40.959961,206.903168,-614.288208
,34.459625,203.324234,-611.425415
,87.907867,186.010254,-614.183167
,81.483765,182.337051,-613.887756
,60.016724,173.625473,-612.456299
,47.352264,201.104309,-610.203064
,134.618546,217.469727,-611.943848
,78.197388,177.974442,-609.349121
,50.349426,155.620392,-602.505859
,40.524323,205.320007,-607.141235
,134.270523,218.155914,-604.646484
,66.718536,155.197372,-599.530029
,34.251678,203.890854,-605.855103
,127.550766,204.888611,-593.380737
,121.944427,198.844330,-593.325562
,112.354050,194.920715,-598.875977
,81.988586,193.429214,-600.059570
,71.449066,156.493668,-596.258057
,37.731171,189.762634,-590.428101
,134.306625,217.263031,-598.943298
,93.017944,204.312332,-597.007812
,34.343048,196.756393,-593.688049
,53.101318,151.695084,-596.979919
,134.281067,214.970551,-593.190186
,114.767410,196.064270,-591.368774
,89.589035,203.383255,-592.159119
,73.171936,179.422440,-586.259399
,96.300583,204.968658,-591.164551
,66.606506,150.818619,-585.173401
,43.161255,150.151901,-586.805542
,82.327728,190.314316,-580.774597
,134.337067,210.733124,-587.021423
,126.396469,197.046875,-582.681641
,115.766495,191.447037,-581.970459
,96.889343,200.941437,-584.471680
,77.235687,187.133347,-584.192322
,34.189667,186.983826,-583.525391
,85.796860,186.225357,-575.863037
,134.295212,200.332199,-577.308960
,67.632172,189.800888,-569.227905
,62.851196,149.709259,-577.025269
,41.961823,151.425552,-579.464111
,34.098694,181.567841,-579.639832
,77.843475,189.781860,-576.605957
,63.035736,156.071213,-569.112915
,125.353638,180.156754,-569.288818
,118.899231,176.763824,-569.120544
,99.858414,175.314392,-569.311157
,91.908768,174.291931,-568.988342
,59.876434,150.916382,-569.175537
,37.672852,151.093384,-569.212158
,111.144211,175.049484,-569.126892
,72.917267,194.481125,-569.361389
,134.257935,188.687088,-569.167847
,88.755127,175.710327,-568.515259
,34.257935,161.919144,-569.167847
,134.302765,188.680283,-569.204834
,127.237961,182.168198,-568.969238
,120.182663,177.134705,-569.199158
,111.218307,175.106155,-569.063904
,99.920380,175.207596,-569.452759
,91.928955,174.023285,-569.376221
,88.463272,175.228561,-569.240234
,75.875061,192.371185,-568.814697
,71.644379,193.236862,-569.195679
,68.410522,189.937546,-569.102966
,62.876221,156.068329,-569.169861
,59.932831,150.814957,-569.155029
,41.279694,150.063324,-569.186279
,36.980072,152.550827,-569.178589
,34.257935,161.919144,-569.167847
,118.590790,160.578568,-556.498596
,84.958511,178.398041,-569.294067
,69.818359,192.227768,-563.758545
,34.257935,159.846664,-566.310730
,87.954498,160.271652,-558.004395
,64.939056,183.765381,-560.707092
,57.379700,156.679443,-555.240845
,53.794159,151.236038,-555.996460
,50.581543,150.115204,-558.228699
,42.934845,151.102097,-560.564575
,34.257935,162.157516,-563.453613
,34.257935,162.613449,-560.596436
,33.799377,160.593765,-557.505432
,134.250290,157.061356,-549.289673
,72.629608,169.299042,-539.672607
,68.170654,169.776825,-539.645142
,42.225220,149.140549,-553.526855
,88.458160,150.480576,-544.630005
,64.321594,166.134369,-539.669983
,55.040192,142.753281,-541.989990
,34.173737,143.920380,-544.049072
,134.244156,135.176300,-530.538940
,74.532196,149.887375,-526.600342
,68.367279,169.110809,-529.836731
,52.703888,139.228897,-528.300293
,34.221802,138.605927,-529.818848
,93.009369,132.347061,-521.890503
,58.454254,143.209213,-528.183838
,81.810699,140.476517,-525.342529
,68.493774,163.074356,-525.326904
,74.063110,149.333191,-518.920654
,70.058044,164.489441,-522.538025
,34.234222,130.460663,-518.204956
,83.578918,149.205887,-518.020996
,64.397736,133.979645,-515.564697
,114.581665,126.067566,-517.902344
,95.613876,129.637329,-516.729614
,92.092224,136.063995,-517.130798
,58.874023,130.780869,-517.911377
,88.898560,149.340927,-512.892944
,79.805481,148.902451,-514.958008
,71.256683,129.448685,-511.723999
,134.243683,119.438293,-510.957977
,115.246643,123.025345,-508.765259
,126.400330,115.705109,-501.638214
,97.379913,148.715424,-505.085022
,84.213852,148.893707,-507.498413
,119.002472,118.198700,-503.624084
,105.654465,129.064835,-509.279510
,93.651260,149.784317,-503.596619
,77.492889,130.019958,-504.050385
,61.773712,129.985703,-512.210144
,110.945541,130.939041,-501.288788
,90.278564,148.538742,-501.817108
,125.116714,118.845428,-498.738464
,105.582901,148.745544,-496.598358
,87.527115,129.785904,-495.733765
,134.205933,114.604614,-492.619202
,98.046951,149.827469,-494.368744
,93.149399,148.191406,-497.727631
,117.519104,144.995438,-494.843445
,131.724213,116.316498,-490.729584
,123.892899,149.104019,-488.310059
,103.809998,149.104691,-486.393463
,134.257935,114.604660,-489.167908
,93.167221,130.136383,-489.280701
,134.257935,115.660446,-486.310760
,134.453018,121.274246,-482.000031
,131.147964,147.461456,-479.048431
,126.782730,149.236252,-484.237549
,107.826416,149.046585,-477.785950
,98.894379,129.974258,-482.347473
,34.239349,129.364670,-476.755219
,134.257935,128.246735,-477.739288
,101.198074,129.896622,-474.572357
,66.680023,128.858887,-476.827026
,134.257935,131.571182,-474.882172
,131.167145,148.626053,-469.168365
,74.210388,129.280197,-474.222290
,52.851288,126.993042,-474.167511
,134.257935,131.217392,-472.025024
,109.068069,149.468277,-469.169586
,102.978500,129.570023,-469.169342
,57.748444,111.763580,-468.363678
,34.220490,120.136444,-468.372559
,134.257935,132.975647,-469.167877
,77.320953,128.446289,-469.069519
,68.805511,117.118408,-468.927277
,63.458069,113.059738,-468.888489
,47.107544,116.954941,-469.171143
,38.936737,119.807343,-468.887756
,134.257935,132.975647,-469.167877
,130.738251,149.415894,-469.166473
,108.843155,149.174103,-469.169952
,102.796188,129.553238,-469.167877
,79.692078,129.380783,-469.168549
,77.201874,127.848343,-469.239777
,69.517517,117.496399,-469.213715
,63.879242,113.107956,-469.120178
,59.972229,111.816040,-469.167908
,56.677643,112.034729,-469.117737
,46.952057,117.128876,-469.172546
,38.147217,119.762589,-469.120087
,34.259583,119.768646,-469.152435
,130.656891,145.831680,-465.573578
,126.100967,149.472321,-462.949127
,111.426666,149.496872,-461.256531
,108.726654,148.162964,-463.462921
,103.170792,129.511505,-460.202057
,84.107224,129.207626,-461.835480
,71.227448,113.834717,-464.269348
,56.338501,93.442917,-463.377014
,42.475830,95.187042,-461.368103
,134.116760,134.555969,-465.920837
,131.060013,127.738876,-460.535522
,105.426163,131.960159,-459.653687
,88.380875,129.451599,-452.771057
,77.537689,119.482697,-458.282867
,62.907745,92.540192,-460.447479
,34.248688,87.795837,-458.538696
,134.257935,127.155472,-460.596436
,128.305374,140.990967,-458.262054
,70.090881,96.614792,-455.922424
,46.711365,87.963409,-458.200012
,122.145447,149.446762,-452.248413
,108.099701,142.856964,-453.774963
,100.011307,128.156326,-453.179565
,56.581970,85.813538,-456.537537
,134.305634,132.987152,-455.010681
,126.553879,146.179291,-451.670166
,118.238342,149.651489,-441.453247
,85.964157,126.531586,-449.320923
,80.206863,118.035934,-451.869629
,67.588043,89.807510,-453.026794
,61.912720,86.458054,-453.297852
,34.258087,84.587173,-454.580688
,131.542938,145.862122,-449.940430
,105.725845,134.570877,-450.070740
,102.280777,129.536331,-447.024414
,93.488998,129.591476,-445.102173
,72.778870,91.330597,-447.528625
,133.792679,137.315872,-451.658386
,128.416672,147.747986,-448.607971
,68.239899,86.117325,-447.060303
,59.718964,84.580231,-449.030334
,131.371872,144.273178,-444.388000
,111.261780,148.797775,-436.233948
,108.687393,143.855988,-442.182861
,106.001892,129.602982,-443.562744
,91.411575,129.122513,-442.920715
,88.501724,127.666748,-444.501953
,134.498901,135.153107,-446.240723
,123.704147,148.365936,-441.770813
,77.629822,94.840759,-439.473206
,72.765991,87.379532,-440.112549
,69.627319,84.569046,-436.673279
,134.257935,141.716339,-440.596436
,130.207703,149.221909,-440.496521
,89.268600,122.670547,-438.223633
,134.257935,142.352905,-437.739258
,131.609070,148.487808,-436.420349
,127.091766,148.287949,-437.422607
,122.378387,142.006592,-437.959290
,107.453369,145.476807,-434.359558
,102.916840,129.654953,-436.123047
,134.257935,138.266129,-434.882141
,128.284058,140.556641,-431.581726
,119.733292,116.745193,-432.315796
,113.448532,145.944046,-433.931213
,93.844543,129.633087,-424.970642
,90.573334,125.356384,-432.234436
,81.375183,95.009689,-429.983276
,77.549286,88.577713,-430.648315
,73.948944,85.336868,-431.024475
,134.275101,126.798828,-431.905640
,106.795212,145.740387,-428.570679
,101.320084,131.374435,-428.914978
,34.260925,84.538986,-404.325317
,134.276321,104.442276,-427.966797
,122.909210,109.018433,-426.255310
,120.105789,106.627747,-429.245239
,116.433701,122.750092,-426.824280
,110.019989,141.154343,-426.544128
,97.491852,129.665100,-423.600464
,90.145065,127.510681,-426.394775
,126.587234,108.982742,-425.654358
,119.404526,104.989670,-425.738281
,102.277283,144.653229,-423.831848
,83.515152,108.586563,-424.030334
,128.742371,100.717056,-421.139343
,111.947510,128.925995,-423.930969
,104.677673,147.236740,-422.492004
,78.179901,91.492157,-421.082031
,72.741058,85.894745,-418.449890
,46.853119,84.512527,-404.516296
,119.504730,102.659683,-419.471619
,114.866043,101.623672,-421.180359
,102.164307,144.862915,-416.118347
,91.347641,151.116898,-418.091248
,88.056030,151.249649,-418.222229
,82.800629,111.598404,-418.804382
,123.170929,96.919601,-416.488525
,112.395309,111.238022,-418.269714
,109.160934,113.025558,-416.156677
,95.149872,142.094147,-417.561890
,78.416763,89.462219,-415.573425
,124.776474,95.459702,-413.071411
,118.502197,104.246582,-411.968018
,114.786530,113.443970,-414.788513
,94.913956,143.661209,-414.750977
,90.210083,148.887604,-414.973511
,68.944336,84.621780,-405.110718
,134.206223,100.806595,-416.776794
,112.274048,107.379120,-409.652588
,108.109207,107.911957,-410.698730
,97.738876,139.527695,-411.305237
,89.076904,138.384369,-412.229614
,80.860321,89.628754,-411.947693
,77.559082,85.865372,-410.680542
,125.346069,90.806107,-403.548645
,121.621597,98.579559,-408.968506
,100.109772,114.684647,-406.446960
,90.789459,130.789841,-408.442200
,87.484344,129.280609,-409.223938
,113.922073,94.050110,-404.773865
,109.739777,84.331451,-401.887451
,108.447433,85.796753,-404.309631
,104.597763,94.520966,-406.227539
,91.854340,128.617035,-405.523865
,82.921829,137.825134,-401.469177
,74.191559,96.206055,-400.739258
,52.535950,84.941818,-400.665771
,119.972214,94.404465,-403.453552
,92.108917,106.535233,-397.111511
,85.790955,138.754807,-402.266479
,117.957367,84.550415,-397.708008
,102.387268,88.276535,-399.022827
,96.547333,90.303513,-397.252808
,77.366150,112.461273,-398.144836
,67.759216,86.965881,-400.010620
,61.615143,86.755219,-399.436951
,134.417023,87.251602,-385.446472
,105.175339,79.794708,-396.096069
,86.311752,121.332520,-393.405273
,79.349319,121.850143,-395.812134
,54.422424,89.712906,-394.587341
,34.245178,79.385101,-389.834412
,113.054245,69.614792,-376.311401
,80.570389,121.134857,-392.457886
,66.501923,111.095627,-394.616760
,51.662933,85.759949,-396.164490
,100.906052,73.554749,-387.914734
,94.483688,87.216415,-388.142761
,76.338074,124.590179,-391.650574
,70.325134,119.827011,-391.515503
,64.913513,117.421448,-390.934448
,58.105957,110.449310,-389.568115
,47.515472,82.516495,-390.335266
,80.257767,115.603363,-387.490356
,51.132874,87.649857,-386.048523
,122.136124,70.944260,-369.249207
,96.043961,72.313202,-384.109131
,86.520462,105.966324,-385.663696
,74.262543,88.712402,-384.452148
,63.481537,102.751770,-383.870300
,58.849060,109.027969,-385.489441
,39.400330,77.974960,-379.362366
,91.643250,74.939774,-380.869873
,77.695526,83.571060,-382.046631
,54.185760,85.786896,-380.988037
,48.453827,82.361679,-381.491638
,85.894821,80.911514,-379.995117
,81.330795,78.861557,-380.270142
,71.696625,77.990295,-378.188110
,67.796692,88.227203,-381.192017
,60.169647,95.101257,-379.088318
,51.036896,81.713852,-379.182190
,34.077942,73.381973,-369.173584
,96.819504,68.369507,-376.531189
,83.520111,77.568985,-375.691528
,63.394806,95.570892,-373.131653
,55.362915,78.977219,-376.792542
,112.352097,65.718323,-369.187134
,104.311890,63.387531,-369.193359
,98.073853,62.782124,-369.204651
,87.027954,76.397278,-374.551086
,66.226685,79.976196,-369.268860
,59.750549,93.206451,-372.367615
,42.599609,79.376556,-369.152527
,94.114441,64.522476,-369.179810
,81.720245,68.895554,-369.100647
,73.775757,63.740498,-369.490906
,71.414062,64.067947,-369.065186
,53.850555,78.828003,-369.106323
,50.155731,76.773666,-369.280151
,134.301666,81.216385,-369.159424
,88.649307,68.248642,-369.149597
,85.686508,69.249481,-369.167847
,68.543640,68.427322,-369.167847
,62.829376,89.427505,-369.167847
,59.705048,90.270477,-368.934082
,123.977783,72.435608,-369.180298
,111.308426,65.215134,-369.188965
,100.327682,62.772015,-369.197449
,96.136276,63.433758,-369.146973
,86.817841,68.814148,-369.586182
,82.470688,68.764450,-369.472961
,74.414429,64.433044,-369.137024
,71.402679,63.854633,-369.199524
,68.543640,68.427322,-369.167847
,65.686493,82.140610,-369.167847
,62.965607,89.372116,-369.132568
,59.232056,90.367508,-368.998047
,52.444794,77.130325,-369.274536
,48.735260,76.827911,-369.382446
,41.999146,79.472641,-369.205933
,34.324127,73.251587,-369.171631
,89.053101,60.047237,-361.752930
,83.774719,62.208897,-363.558655
,68.301727,62.079266,-364.782654
,50.656158,75.043076,-363.787415
,39.184906,78.454742,-363.257202
,34.252991,73.235916,-364.827698
,128.036469,71.116211,-353.816711
,117.884796,63.170300,-353.495117
,107.587631,59.131626,-356.470764
,98.191025,58.405697,-359.342468
,76.432343,59.191280,-358.900757
,54.913239,80.839874,-362.072998
,38.124420,78.799606,-357.494995
,134.270966,81.186203,-369.179810
,62.207245,60.766254,-356.741028
,56.931274,79.330933,-358.841553
,44.575287,72.629944,-357.256287
,33.951721,74.300781,-360.347107
,50.535095,80.532257,-355.751221
,98.639832,53.891743,-342.800110
,53.487488,79.246323,-351.763855
,43.427582,71.055496,-352.765015
,34.257935,78.136078,-354.882141
,77.273071,56.337887,-346.707275
,58.251465,59.438808,-347.694031
,50.760162,80.974564,-351.509766
,34.382019,79.552200,-349.462769
,134.257080,77.035583,-352.161133
,106.844971,54.841572,-336.908020
,55.524872,61.264996,-345.953918
,42.518585,70.978897,-348.959534
,38.074371,70.553329,-347.723999
,34.051178,73.937653,-344.042053
,47.978516,78.552216,-344.676392
,45.222809,78.042267,-346.145813
,134.311493,75.139923,-339.417786
,48.773560,76.282120,-341.229065
,37.236725,65.376190,-342.915222
,121.980835,63.125355,-332.244019
,53.384125,58.668957,-338.819031
,42.113617,79.435181,-337.135925
,34.257935,71.550751,-340.596436
,44.342438,77.137802,-333.504883
,34.455078,72.268723,-335.880798
,49.851898,58.323139,-331.699341
,113.691086,56.207973,-317.273132
,50.232025,56.935184,-328.486633
,42.012634,72.227524,-324.039795
,38.386536,78.741135,-328.014221
,92.592316,48.377125,-306.428284
,71.956970,52.222889,-316.811462
,33.863953,76.939758,-328.063599
,39.756317,77.372940,-324.945618
,45.057678,56.094097,-320.922791
,34.396393,80.962967,-321.124878
,134.258484,74.461365,-324.464172
,124.342133,64.290649,-312.696350
,101.284683,47.150028,-282.345215
,34.147522,78.700500,-317.338196
,43.114716,53.989498,-313.254822
,96.195496,47.131542,-296.198792
,37.884430,55.941166,-308.176575
,34.256989,62.495991,-309.833923
,41.201660,52.321850,-306.829590
,134.260086,74.533447,-310.729126
,83.900909,44.368389,-285.392212
,48.564667,47.076900,-287.319824
,34.239410,51.407551,-303.166931
,111.451141,53.718540,-280.572998
,134.254990,76.093536,-294.156555
,122.412643,65.206146,-269.169373
,134.319672,79.090286,-269.171936
,93.453140,41.855412,-269.148071
,85.900482,40.359043,-269.126831
,34.257416,43.104580,-269.176575
,103.767197,46.753147,-269.172119
,55.978394,42.160740,-269.187927
,134.324615,79.011459,-269.162964
,113.890335,55.756123,-269.163391
,103.141174,46.233044,-269.168152
,91.871490,41.294216,-269.165833
,82.448151,40.265255,-269.182190
,51.776520,42.594746,-269.159668
,34.258606,43.133427,-269.161621
,101.042801,43.413280,-258.110779
,85.430740,37.074009,-257.460083
,34.261017,38.054890,-248.410583
,124.714020,66.548325,-251.359497
,106.039108,45.958584,-252.514709
,92.637466,37.924084,-253.461975
,80.897644,33.735691,-248.274353
,50.329803,38.128223,-252.337769
,109.767868,47.974522,-247.031250
,134.263062,79.256287,-256.316223
,96.457367,35.496746,-241.114685
,134.232864,77.728317,-236.642151
,87.920639,30.674519,-238.234619
,109.483932,40.728527,-219.517578
,34.211487,36.316166,-239.915955
,37.444427,34.202465,-238.777466
,39.102356,32.243320,-234.511169
,34.275208,40.631535,-234.594543
,134.195862,76.993347,-224.324829
,98.961761,28.529064,-217.924377
,79.532944,26.980038,-232.678772
,41.951111,29.801640,-230.250488
,85.084518,18.287075,-213.707397
,36.887207,42.862782,-224.912048
,33.071411,47.691479,-228.546875
,43.102814,26.018635,-219.431091
,134.035568,77.661743,-215.975830
,75.578339,15.609173,-211.188782
,45.694977,24.746044,-221.171692
,40.216431,34.180782,-218.297729
,34.257935,42.051678,-223.453613
,34.201904,33.193859,-216.637695
,46.605255,20.492283,-212.794006
,37.134125,37.057545,-214.085388
,109.934036,42.366985,-201.895935
,40.390198,36.552067,-209.036499
,34.257935,30.818111,-212.025024
,100.124710,29.629383,-199.366211
,91.704285,20.468662,-203.924500
,74.783478,12.547623,-201.224487
,45.609528,20.908466,-207.246643
,37.166016,36.756809,-209.260620
,34.239624,27.783550,-209.128052
,134.001099,79.157181,-208.721619
,40.185577,33.680798,-202.775269
,51.703003,13.668339,-196.773621
,48.480438,15.469975,-197.143250
,36.888824,28.628941,-198.107422
,34.136566,22.732418,-202.778992
,85.858826,16.864971,-196.181885
,75.749664,12.619408,-195.465088
,40.316681,35.226604,-196.705505
,134.006851,83.576401,-193.140198
,34.438538,20.751186,-197.517761
,51.920410,12.957726,-191.874084
,47.501099,21.038670,-193.102356
,42.726471,42.662464,-189.875305
,39.245453,43.532269,-190.999268
,34.683411,21.747540,-189.460510
,68.213593,12.625587,-179.285828
,57.180634,11.516136,-183.371399
,54.241760,12.071129,-186.746887
,51.845551,16.166599,-187.343933
,46.402740,36.110844,-188.200745
,40.311798,41.531712,-189.048828
,134.205063,84.658020,-185.674316
,105.581009,45.530346,-176.608826
,91.462769,27.665730,-177.532227
,79.691650,16.998386,-181.238525
,45.210388,36.136852,-185.883057
,34.257935,16.735874,-186.310791
,124.889755,73.733841,-178.071045
,48.319733,30.641590,-181.984192
,38.851929,16.013233,-183.412048
,34.205078,13.479671,-183.545898
,49.066071,30.243824,-178.830872
,45.794434,27.589260,-179.950867
,42.560455,11.911465,-178.915100
,39.935455,11.845695,-180.111206
,134.211090,83.593994,-176.186462
,56.275452,10.526321,-175.766968
,117.951416,63.567280,-169.151550
,88.875610,24.831875,-169.166870
,72.385223,13.189140,-169.136841
,59.485413,9.921497,-172.887756
,51.267120,20.763248,-173.134644
,49.062317,18.930035,-172.333801
,42.992523,5.650585,-169.229736
,134.164780,80.338730,-169.265442
,62.481873,8.894608,-169.180542
,54.234680,29.174191,-169.086914
,51.400787,29.610638,-169.167908
,48.543640,17.341793,-169.167908
,34.257935,6.053741,-169.167908
,134.212524,80.268661,-169.171265
,124.197067,71.275665,-169.175110
,99.903625,38.586590,-169.154236
,88.650009,25.291950,-169.163513
,74.530823,14.222263,-169.129028
,63.370758,9.005283,-169.153992
,61.053894,10.253498,-169.133484
,54.279541,29.158199,-169.128479
,51.400787,29.610638,-169.167908
,47.074280,12.754261,-169.189636
,42.747131,5.849331,-169.141174
,34.257019,6.009079,-169.148010
,54.619324,34.662449,-166.287415
,51.588531,34.230480,-165.955933
,46.903076,6.701698,-162.856995
,134.292374,75.148407,-162.315125
,116.925797,53.490116,-152.276428
,87.198685,21.646885,-155.459717
,53.861481,23.450596,-159.936218
,42.423889,-1.070885,-157.378235
,34.253937,-0.413605,-158.770935
,106.549377,43.274921,-153.917664
,74.827240,10.344139,-153.759644
,60.252289,2.596909,-157.880432
,57.265137,7.577778,-159.044922
,51.574310,26.021015,-159.161133
,124.136703,58.305660,-150.975952
,49.179413,18.425694,-152.374756
,43.319550,-0.408577,-154.474731
,134.258392,62.724033,-151.008301
,60.013214,0.576942,-148.863464
,57.046509,1.669437,-148.024963
,54.486145,10.343166,-147.782227
,51.312225,19.520084,-150.528931
,34.227448,-4.373661,-148.074768
,110.024612,44.689754,-146.012512
,102.926147,38.292393,-141.286743
,88.009613,23.078388,-146.628845
,72.646545,9.535881,-144.690857
,44.264069,7.441944,-144.233276
,38.646545,-5.116520,-144.553833
,116.733505,47.681942,-141.741577
,122.673431,47.601543,-138.127136
,60.337219,2.936142,-139.080811
,50.296448,16.368969,-143.217834
,64.736847,7.847755,-134.720642
,57.165894,4.459778,-134.709167
,54.404236,12.289837,-136.868896
,51.177063,19.758373,-137.896179
,42.830475,8.692860,-136.559082
,36.986969,-3.885437,-135.490112
,34.214081,-2.958893,-137.936523
,134.284622,43.741711,-134.836243
,123.508362,45.054249,-133.763000
,88.415634,29.163403,-132.380310
,105.393600,40.802433,-131.609680
,45.660889,11.636627,-133.961609
,49.447083,7.030533,-131.715393
,42.884277,13.790928,-130.690552
,34.384613,-2.188007,-127.857849
,119.458527,40.045589,-122.947021
,113.144684,42.742947,-128.141907
,80.127869,29.973858,-121.867920
,50.692993,3.629158,-129.010193
,97.746078,39.177509,-123.083069
,60.542542,12.665722,-123.996033
,42.904602,14.326283,-122.008484
,134.261673,33.253567,-124.092896
,122.152359,37.026806,-118.779968
,107.888489,41.755878,-121.244995
,48.339386,12.924641,-115.004089
,40.184387,12.855759,-123.210876
,34.358185,0.947201,-123.086487
,134.274597,26.084881,-115.760620
,95.615662,42.506428,-113.021362
,87.687958,39.617313,-115.011597
,39.858612,23.750935,-112.759705
,34.239319,6.615803,-117.748352
,107.429138,41.594151,-109.977295
,99.598618,43.341404,-110.245667
,69.274719,40.174633,-101.784180
,47.899078,16.927662,-109.273193
,37.789185,24.102688,-108.728149
,34.257935,11.023754,-114.882202
,110.697388,37.445683,-100.819885
,45.162384,18.156528,-108.062744
,43.030914,22.696339,-110.463379
,34.227966,15.951801,-109.987122
,122.984390,24.883915,-99.975464
,97.606110,45.895870,-97.456055
,71.627167,46.034306,-96.023987
,36.791687,25.199116,-101.915100
,34.257935,20.715542,-106.310791
,113.634094,30.436008,-92.609802
,59.298828,38.369289,-94.371094
,34.314362,25.318096,-101.699219
,41.659668,20.344662,-98.851685
,85.615753,50.583263,-92.195007
,75.553192,51.357800,-89.254761
,41.950562,24.984356,-91.884888
,34.016327,33.547962,-94.907349
,39.402985,25.076481,-93.744690
,123.935883,12.047276,-86.499329
,34.306427,28.279018,-89.123840
,60.669434,47.350422,-81.791626
,48.490356,33.170422,-87.018616
,40.091492,25.601681,-85.513428
,36.880981,25.496670,-87.096863
,134.243286,11.346752,-99.924561
,88.489288,47.553814,-69.138855
,83.155350,52.142216,-69.115662
,78.793976,54.628223,-79.353821
,34.259888,28.606152,-86.251038
,37.346375,27.496853,-81.606812
,106.126480,23.729641,-69.210266
,67.020844,53.568691,-74.869080
,57.951233,46.137562,-77.125488
,45.191010,28.023724,-74.670776
,42.639374,27.124844,-76.957764
,40.324341,26.329266,-79.226746
,34.257935,38.124683,-80.596497
,48.072601,30.199627,-73.154236
,36.738342,36.257206,-75.682251
,34.257935,38.807117,-77.739319
,126.219925,-8.864933,-69.125122
,74.131226,55.278637,-69.163757
,39.505920,36.539310,-73.091492
,34.257935,34.267307,-74.882202
,96.184464,38.639370,-69.215820
,62.481384,50.818676,-69.169800
,51.381134,31.964565,-69.113403
,41.985291,33.812435,-69.238281
,37.115082,34.619503,-72.025024
,34.135895,13.703510,-69.067444
,134.264816,-19.703396,-69.142578
,48.288269,27.820530,-69.501709
,39.591370,34.411213,-69.091431
,134.238754,-19.796017,-69.165588
,124.429169,-6.191616,-69.175903
,102.859207,29.235928,-69.158508
,85.778305,49.925724,-69.165161
,74.626862,55.408489,-69.181946
,63.531311,51.222469,-69.155273
,58.895996,45.397816,-69.152527
,49.021698,28.514370,-69.001160
,45.686493,28.960361,-69.167908
,40.431152,34.101078,-69.810181
,34.257935,13.658642,-69.167908
,134.188370,-27.515308,-61.173950
,114.119049,-6.295410,-50.334229
,91.482925,44.602703,-69.123657
,68.508331,53.430836,-55.720154
,54.024902,33.095150,-64.220459
,50.378052,30.177677,-66.873291
,45.025146,31.876675,-65.576294
,42.343201,28.668118,-66.680237
,38.125244,2.208462,-63.209839
,34.263519,-0.372818,-62.755310
,55.297729,32.433559,-58.857910
,49.818878,32.678204,-63.224854
,46.352539,30.712299,-62.987854
,125.852585,-20.265623,-56.346558
,85.371674,40.205524,-44.757812
,72.220215,53.508297,-48.987671
,65.967102,49.724674,-54.391785
,62.405060,45.289577,-57.830811
,51.239014,36.700230,-58.648193
,48.887543,32.049526,-60.005310
,42.014099,-0.366867,-58.749939
,39.131317,-0.407471,-60.630432
,78.678391,49.184330,-47.862915
,56.813416,29.711300,-57.158386
,44.789368,-0.253250,-55.666199
,134.320343,-30.546993,-55.700256
,54.110504,9.240044,-51.256042
,46.630524,-0.214748,-52.388550
,34.256805,-0.430389,5.274597
,122.279053,-27.435575,-32.427734
,91.094147,29.600376,-40.952209
,49.597015,0.422840,-49.028625
,68.333771,46.358784,-33.273376
,57.428833,12.195126,-38.151672
,53.732697,1.550610,-32.758911
,50.723816,-0.343357,-34.001099
,74.233521,50.073223,-31.705139
,71.463135,49.984310,-31.994080
,134.219925,-40.507797,-30.312927
,102.723785,1.661121,-29.632202
,109.962936,-14.646606,-22.604614
,76.926636,45.828541,-25.397339
,80.098755,40.665356,-21.340637
,59.815765,4.804222,-22.339722
,56.904419,0.962929,-24.943115
,125.965027,-37.237415,-16.327881
,115.840530,-25.738220,-16.574402
,88.198746,22.732296,-12.033081
,74.340210,45.313129,-24.592407
,63.317413,10.299938,-17.219299
,54.056580,-0.366417,-24.859375
,105.566376,-10.259132,-12.463074
,134.147491,-44.253048,-16.282959
,94.759720,12.373764,-14.959167
,74.422821,33.188229,-12.725220
,58.108398,-0.357796,-9.746338
,80.330032,34.510792,-11.736084
,77.321960,35.798672,-11.594727
,61.286316,1.637642,-11.389832
,121.017532,-31.265499,-6.335876
,95.057373,14.455608,-8.047363
,65.082764,1.145527,-7.016602
,111.451157,-18.574039,-7.836243
,99.827347,6.794956,-8.225342
,89.742966,19.556538,-7.250610
,84.324738,23.109951,-7.237122
,69.585327,4.669132,-5.464783
,130.165833,-38.049175,-3.505737
,134.225739,-41.012230,-3.773376
,123.313736,-30.697906,-3.867737
,102.031906,15.874844,-1.031311
,95.696030,18.637295,-1.801392
,89.157028,19.180401,-2.419556
,84.513092,17.324657,-1.024231
,79.472900,14.268559,-2.158386
,66.813843,0.237457,-3.529480
,134.218323,-38.303452,-0.495972
,120.695953,-16.120464,-0.081543
,73.517822,2.010006,0.907898
,69.556824,-0.274590,0.838684
,134.134781,-31.254965,5.102356
,112.799896,12.826317,8.391235
,104.089310,17.766582,2.963379
,99.887634,19.467617,3.667114
,121.098038,-7.891758,7.974609
,106.597366,17.967655,6.194885
,92.897629,19.336414,15.248596
,134.144226,-26.137371,10.710754
,87.354126,17.175671,11.792480
,75.596680,-0.066620,10.089783
,34.257935,-0.249184,30.832092
,124.253922,-8.676624,15.591064
,110.866592,18.647678,15.199585
,107.050812,19.396008,11.978516
,78.282898,-0.051697,15.016846
,117.638718,12.724262,20.508728
,98.107132,19.464397,19.031799
,89.429626,14.705685,18.744629
,80.605545,0.043674,18.373718
,128.908218,-12.800396,25.859436
,123.779327,-5.932541,23.179138
,114.856384,18.124363,24.583740
,134.218842,-22.104942,18.785156
,111.272354,19.515697,25.574768
,102.633987,18.987637,25.257324
,96.161880,17.072598,23.348999
,85.513580,1.487473,26.275330
,82.168442,-0.002502,23.450562
,121.482651,-5.112953,30.824219
,134.241714,-20.553349,26.381226
,118.059799,0.055077,30.766296
,94.002396,6.818447,30.757202
,85.610474,-0.570045,30.856323
,134.053619,-20.785748,30.839050
,128.468063,-12.286964,30.830994
,114.257935,4.066513,30.832092
,111.288666,5.801212,30.806091
,103.862778,5.039856,31.077576
,97.493103,7.689034,30.818176
,88.543640,1.344086,30.832092
,26.933228,222.543945,-669.118774
,14.207581,227.848938,-669.142151
,-14.318970,249.401306,-669.158691
,-65.742065,249.549591,-669.167847
,-1.004242,238.608337,-669.165771
,10.525330,217.090118,-650.163818
,-23.629517,249.503174,-649.885620
,19.598358,194.056076,-625.163452
,-1.712769,225.157990,-646.539673
,34.243317,199.354248,-637.975830
,10.973846,197.233490,-623.960693
,-23.348816,242.271942,-639.707764
,34.261871,220.709259,-669.078979
,-36.315948,249.386444,-635.161499
,-53.246033,249.395050,-625.000977
,22.562134,191.869690,-619.752808
,-12.756165,209.710114,-616.984253
,-29.675262,232.353577,-623.112732
,-43.603577,239.838379,-619.654297
,34.221313,196.682816,-628.339111
,-0.189331,194.090775,-610.106323
,-65.745026,249.451477,-622.161133
,34.161835,199.233871,-621.209045
,24.032898,194.002411,-608.660400
,-43.397522,229.310150,-611.010254
,-56.037720,241.303436,-615.454590
,7.203552,189.898346,-607.873047
,-13.104553,204.266174,-611.059326
,-22.775421,202.204834,-602.572266
,-65.717865,234.166138,-606.910278
,14.346741,189.724518,-608.602905
,-54.112183,229.023865,-606.351501
,34.262756,203.741928,-610.601318
,34.326172,203.832062,-606.718384
,11.573334,187.826553,-602.717529
,-6.909119,186.304642,-597.006226
,-26.857452,194.484390,-594.847839
,34.258148,202.711197,-602.475342
,23.472382,196.969757,-595.633850
,16.155945,190.223801,-597.856323
,2.314423,182.690735,-595.917725
,9.315002,183.970383,-595.848633
,-55.445099,202.299347,-588.648193
,34.297791,198.643600,-595.910767
,26.797028,195.578064,-586.528320
,21.906586,192.377945,-584.523987
,11.538208,180.026306,-585.913696
,4.081726,172.455994,-583.104675
,-16.739014,177.934204,-585.135986
,34.423798,187.892487,-584.020630
,-1.261353,160.452881,-569.381470
,-39.720734,182.975281,-581.482178
,-65.763184,194.745850,-579.339111
,30.908752,178.177551,-569.236084
,28.296326,181.977997,-569.247009
,19.211609,182.066879,-569.207092
,34.249146,182.441711,-580.138245
,22.837708,184.201889,-569.244141
,3.967468,162.167603,-569.221741
,-27.273621,164.352722,-569.267212
,9.000397,167.145386,-569.182007
,-45.523621,171.355072,-569.191956
,-65.804230,181.847412,-569.270752
,25.642212,184.068130,-569.195862
,-11.447845,161.182281,-569.169556
,34.239197,162.061081,-569.179321
,-56.908356,176.922455,-569.159058
,34.257935,161.919144,-569.167847
,31.191010,177.624969,-569.180420
,26.636719,183.757065,-569.188782
,22.850708,184.335632,-569.176208
,19.410583,182.427780,-569.149048
,9.473663,167.844742,-569.167358
,3.858246,162.254059,-569.158325
,-1.225311,160.679779,-569.228149
,-9.300507,161.049850,-569.148193
,-19.065765,162.437592,-569.181396
,-29.463257,165.261749,-569.156494
,-44.498810,170.806549,-569.279358
,-59.360657,178.131638,-569.202881
,-65.740753,181.924286,-569.214600
,34.257935,159.846664,-566.310730
,-34.270782,155.304291,-557.685791
,34.257935,162.157516,-563.453613
,23.098419,174.644135,-551.023499
,34.257935,162.613449,-560.596436
,26.110626,174.034271,-551.311768
,18.727814,175.467529,-556.089172
,8.813812,158.885910,-554.869629
,4.091492,152.734756,-553.362183
,-19.803192,147.671661,-551.263794
,-65.778900,156.827530,-547.034729
,34.488129,160.966629,-557.381470
,19.302155,169.536148,-547.605591
,3.215759,138.393814,-533.650269
,-46.273712,145.028473,-542.022949
,34.379486,158.053619,-554.360596
,30.868225,147.564896,-544.249146
,25.589539,168.468796,-542.380615
,10.330231,140.739914,-529.936401
,34.184601,144.944458,-544.717529
,22.779968,169.728119,-538.728271
,-38.262970,136.406403,-532.035950
,20.339081,164.407608,-534.430176
,34.339478,142.122375,-539.751404
,26.615997,151.139755,-529.478516
,7.481506,137.466400,-528.564941
,-29.307983,133.739822,-528.235718
,-48.895538,138.577118,-531.914795
,-65.779755,147.252945,-535.039307
,31.346222,140.187714,-530.395264
,22.678345,161.470749,-530.514099
,34.290497,139.567017,-531.601929
,13.830322,141.944061,-523.857300
,27.107330,130.951462,-522.343506
,17.363892,144.122498,-523.885254
,-8.043579,127.939804,-514.911865
,-1.054504,132.966492,-521.490845
,-65.813904,134.694305,-515.297363
,34.270111,132.435638,-522.095337
,22.865082,129.685181,-518.790649
,14.466888,141.862610,-520.412842
,4.335022,139.241791,-519.117920
,-49.242828,126.822906,-510.802551
,34.256989,129.586395,-515.168945
,19.491699,133.961578,-517.946716
,14.766937,142.158356,-516.937012
,9.672363,144.618271,-517.770386
,19.815369,132.540421,-511.358063
,8.468994,163.628769,-507.431030
,1.779297,141.759781,-512.477173
,-5.044800,128.332687,-512.214050
,-8.414673,122.779480,-504.469391
,5.892487,160.728790,-507.616364
,14.431519,157.175659,-500.629791
,-5.533295,126.653198,-506.502747
,-65.751007,123.483582,-499.497986
,-39.231659,123.835709,-506.216614
,11.256775,164.299759,-498.587372
,8.532074,166.648575,-497.963226
,5.708344,165.298691,-498.047913
,-1.362030,144.447906,-498.291809
,22.818512,129.619736,-486.171509
,-36.748749,114.375977,-486.293182
,20.170624,132.597382,-481.055023
,0.899933,155.491302,-487.305603
,-8.649414,117.051743,-491.740875
,-11.592682,113.468643,-487.871033
,-65.740540,110.662277,-479.470886
,14.215881,162.966797,-481.006744
,11.708099,167.135773,-480.675415
,-5.839844,123.290848,-477.628326
,2.480713,163.329849,-476.637360
,-23.902283,109.432571,-479.941254
,23.077820,129.452072,-473.420685
,7.101013,167.882812,-482.130219
,-0.290680,154.174652,-475.974854
,-11.520874,109.770798,-478.881409
,-17.609863,109.323837,-477.577576
,-59.297363,109.263885,-478.809845
,-8.643219,111.417404,-476.428345
,-38.333984,108.100601,-477.032745
,13.706329,159.533585,-475.459930
,5.869049,165.662109,-473.903351
,19.364655,132.229553,-472.470856
,34.286682,129.229141,-474.395996
,-11.443573,100.008591,-468.948029
,-41.817383,100.965912,-469.132874
,-65.729828,100.913620,-469.120789
,34.257935,119.763779,-469.167908
,29.581146,119.634140,-469.026276
,25.237488,121.480682,-468.670563
,18.966370,127.791718,-469.406708
,12.137390,142.487061,-468.828583
,8.543640,154.006241,-469.167877
,5.484283,159.174210,-469.676422
,-0.136383,146.459641,-469.172180
,-8.677216,101.463898,-469.009155
,-15.379120,100.339157,-469.185516
,-23.097565,99.530838,-469.150513
,34.257935,119.763779,-469.167908
,29.583282,119.584015,-469.117554
,25.686493,120.945511,-469.167877
,21.492615,124.668533,-469.160889
,15.733246,134.335876,-469.132874
,11.309357,143.912949,-469.214172
,8.543640,154.006241,-469.167877
,5.731110,160.017242,-469.062988
,2.629944,157.199448,-469.321350
,-5.882629,109.436798,-469.237152
,-8.092438,101.442123,-469.315918
,-11.456360,99.826462,-469.167908
,-15.303467,100.274796,-469.260712
,-23.163269,99.503662,-469.175293
,-41.755646,100.909561,-469.184906
,-60.489044,100.800751,-469.179474
,-65.753418,100.622025,-469.595947
,25.121429,105.768906,-465.034698
,2.838440,138.474945,-460.611816
,-0.485352,131.947159,-461.892944
,-11.539825,94.115860,-464.050415
,-41.782684,91.064911,-459.292755
,15.237091,95.332489,-460.462555
,11.620697,100.354919,-459.461304
,5.604462,135.073685,-459.959595
,34.248169,87.677963,-458.783630
,-8.065002,90.730759,-451.730347
,-49.312317,82.526581,-448.616211
,15.480438,88.977875,-457.672241
,-11.591888,85.428238,-450.934265
,34.257935,84.572723,-454.901550
,18.052185,86.163834,-454.871338
,0.139496,132.786957,-451.000732
,-65.739288,84.791183,-451.360962
,22.068817,84.564957,-447.834656
,15.712402,87.235352,-446.021057
,10.847290,98.873032,-448.654602
,3.508484,138.165817,-451.615356
,-3.128571,116.982117,-444.911926
,-11.810760,84.306412,-445.100464
,5.515900,111.014221,-437.989685
,2.591187,126.500687,-442.903442
,0.199982,126.210159,-442.779968
,10.378479,89.183517,-435.869019
,-14.486755,81.793167,-442.223267
,14.565063,85.323303,-436.786682
,-3.556244,117.502853,-434.274963
,-11.444153,88.300140,-433.701355
,-48.298737,74.327652,-431.131592
,2.706970,119.286377,-433.823669
,-65.742493,73.328125,-430.219482
,-14.028595,79.605377,-422.861145
,-17.477142,78.682739,-430.642273
,15.025452,85.253403,-423.586609
,8.554901,92.388107,-425.312317
,0.027588,114.764252,-421.061279
,11.461334,87.365036,-423.568542
,-3.492737,110.142380,-420.562927
,-10.922424,84.573853,-422.407959
,2.692749,106.898743,-415.959351
,-17.641602,77.350296,-408.752502
,18.425476,84.512695,-407.419067
,7.196625,88.954514,-415.086365
,-49.980896,71.371826,-418.244690
,-65.741486,69.615906,-416.177673
,12.321594,85.041687,-415.582764
,-0.124084,113.921463,-415.362732
,-2.926392,112.131790,-416.133118
,-13.575287,82.175156,-410.926758
,34.257965,84.555420,-405.387939
,12.554413,86.252350,-407.864685
,-3.179871,120.714630,-404.274597
,-42.385132,71.293701,-404.292114
,8.576996,93.034210,-405.689087
,0.061615,125.307266,-403.265198
,2.903564,123.614212,-400.250671
,19.995392,83.032028,-400.957947
,-11.129639,86.007065,-400.625732
,-14.483398,75.707047,-395.650879
,-65.735016,66.315857,-389.302795
,15.001282,83.314880,-397.279297
,10.702118,87.797562,-396.410461
,34.255707,79.944077,-391.323975
,14.280121,77.228149,-390.026794
,5.732849,118.940475,-388.711853
,0.155670,125.104630,-394.820374
,-2.948242,116.329056,-396.791443
,-11.741211,75.611237,-392.588623
,2.757446,124.706146,-393.802307
,-8.749054,79.115784,-390.358459
,-45.611694,68.693726,-391.576477
,18.079041,74.766434,-385.918274
,11.447266,81.609024,-390.916626
,-5.586914,82.550766,-382.925964
,2.920837,122.848511,-388.253174
,11.556763,82.685211,-382.400574
,-0.033386,113.054443,-382.072754
,-11.100372,72.648529,-381.921875
,14.092621,75.847382,-380.669678
,5.644470,114.164062,-383.287354
,-8.416809,74.654373,-382.154297
,34.339508,74.065781,-374.081604
,18.245087,73.791183,-379.353943
,3.025787,117.744965,-375.522034
,-43.962372,63.022137,-369.144592
,27.862671,70.289429,-369.202271
,6.033020,114.460297,-375.641724
,-1.228149,102.944626,-368.651672
,-65.740570,61.390919,-369.149719
,13.745911,77.218292,-373.551086
,-3.733429,91.073105,-369.151794
,17.825623,71.593582,-369.166016
,-10.594391,68.137344,-369.172302
,34.257935,73.336349,-369.167847
,13.065613,75.526199,-369.215271
,5.741608,99.481049,-369.180420
,2.829376,104.674637,-369.167847
,34.447327,73.014160,-369.175110
,26.204163,69.928955,-369.240723
,18.442383,71.216782,-369.166504
,14.257935,74.416351,-369.167847
,11.400787,80.545120,-369.167847
,5.560974,99.658722,-369.315613
,2.802094,104.621445,-369.260376
,-0.268280,103.190491,-369.107727
,-7.994202,72.489212,-369.159485
,-11.651581,67.938980,-369.170471
,-40.651642,63.455723,-369.161987
,-65.736603,61.296474,-369.138367
,30.021454,70.605713,-359.492859
,13.845642,71.820007,-364.493958
,8.775299,77.455399,-364.658325
,-4.164124,88.362671,-364.819946
,-12.423431,65.173798,-359.072144
,-44.757172,57.321507,-353.616577
,34.251526,73.240692,-364.810181
,11.280121,69.684341,-355.932495
,-1.684296,88.091782,-362.721008
,-15.971619,62.243031,-355.140686
,5.091034,71.132324,-358.336853
,-6.440002,88.120270,-360.188232
,34.244812,74.128159,-360.033142
,-5.563568,90.550018,-355.841125
,-65.745148,51.854153,-340.624207
,34.257935,78.136078,-354.882141
,26.624542,70.362274,-349.906311
,0.067078,70.893646,-350.675903
,-10.421326,88.518433,-353.585754
,-10.334839,90.922638,-349.048218
,-22.367462,57.694340,-343.829895
,34.054596,79.791992,-350.576294
,31.550507,79.081726,-346.722412
,24.575775,70.960663,-344.119568
,19.283630,69.743378,-334.891602
,13.621246,69.390472,-342.273987
,-0.428528,69.488571,-340.749207
,-11.309937,88.138336,-343.116516
,-16.219513,85.333618,-344.303833
,-19.270386,61.466602,-346.053528
,-5.307007,74.126923,-345.080383
,-43.704285,54.040112,-341.553345
,34.051666,74.083023,-344.225403
,26.325409,78.943970,-337.156555
,34.257935,71.550751,-340.596436
,30.834900,79.534546,-337.413330
,0.053833,68.087891,-336.869568
,-6.097168,71.225708,-336.506653
,-13.629944,88.996948,-339.532715
,-17.113983,89.285309,-339.448547
,-27.399872,54.728634,-334.935120
,7.012878,67.523315,-336.442932
,-22.550415,80.471024,-332.718201
,-26.335693,57.289181,-333.119934
,-58.592987,51.094524,-332.932068
,34.381744,71.963287,-337.781860
,31.680115,76.556091,-332.810181
,-17.862915,91.538956,-333.056213
,-40.345764,52.571476,-332.640442
,-49.288971,54.262409,-332.920776
,13.835175,67.940475,-330.845764
,-3.970032,60.977245,-324.972717
,-7.851074,64.349258,-327.265137
,-17.186096,89.629868,-327.121826
,-31.439972,52.568745,-327.367371
,-54.205353,53.896236,-328.202698
,-62.250610,49.675724,-323.370850
,34.300385,75.755753,-329.791992
,30.048615,72.359879,-326.571777
,25.513184,76.078217,-323.959778
,20.116089,77.277725,-322.795837
,14.982635,68.827408,-325.289490
,2.859467,60.493725,-323.744019
,-20.170410,92.461334,-327.935181
,-24.351593,82.911163,-325.730225
,-52.550232,49.984997,-322.001343
,34.257935,76.850082,-326.310730
,-31.092010,53.142330,-323.864197
,16.215393,75.682297,-319.148682
,7.358307,60.785084,-318.954163
,-15.764587,77.059021,-322.895325
,-24.258545,81.664627,-321.924133
,34.459473,80.971313,-321.163452
,20.428986,81.327209,-315.340393
,-11.970581,61.176754,-315.724304
,-14.181427,65.961136,-318.796631
,-21.337982,68.161957,-318.882996
,-30.638977,73.226288,-318.825195
,-34.230286,53.737888,-317.941772
,-37.382690,49.846706,-313.846802
,-40.879822,48.808697,-309.414490
,34.257935,79.126694,-317.739258
,27.166901,85.371078,-317.163147
,6.400879,63.237469,-309.963318
,-6.188507,58.264194,-312.942139
,-27.937164,79.218536,-315.890259
,26.673706,85.205185,-314.324524
,14.775940,79.066467,-314.256836
,1.037659,59.310253,-310.492859
,-32.331909,75.705643,-311.520386
,34.335602,74.326660,-314.680969
,34.232544,63.091228,-310.192688
,18.282227,80.645050,-312.146851
,-22.925018,49.368618,-305.864563
,-65.746002,43.803547,-269.096191
,11.041229,78.078186,-307.200989
,-26.938995,52.292866,-305.682739
,-33.343231,71.248871,-306.312683
,19.420471,67.844376,-306.393738
,14.070221,74.784378,-304.532715
,3.432129,58.262455,-304.959229
,-14.498352,49.536274,-301.841492
,-41.574310,48.871372,-303.303833
,-46.992645,46.712925,-293.516724
,34.254761,51.636295,-303.268494
,26.149841,51.565327,-301.441467
,22.390533,58.216862,-303.004456
,11.296448,72.553955,-302.943481
,-27.870972,47.278828,-299.513489
,-34.180817,65.172592,-300.893555
,-37.122498,67.533478,-301.700684
,17.115082,70.340988,-300.596436
,14.499969,70.589859,-299.262146
,6.771667,49.028706,-297.899170
,1.007751,51.091602,-299.505676
,17.463135,71.727951,-295.856628
,-10.529358,44.934498,-290.441895
,-31.475037,47.245831,-295.003296
,-36.842102,67.601639,-296.410339
,-39.159119,65.973969,-296.797180
,-44.430298,49.102016,-294.240784
,23.231049,47.349491,-289.330750
,14.413666,66.445923,-290.152100
,9.236511,48.026775,-293.767395
,-0.656616,46.399136,-292.192871
,16.754608,66.208176,-290.288025
,5.746765,44.797573,-283.270203
,-35.130310,50.318668,-287.395447
,-39.307556,74.835327,-286.989136
,-40.134521,75.899643,-290.007629
,19.956451,48.147007,-284.414185
,8.265869,47.645741,-285.924255
,-33.875366,44.796482,-284.765625
,-43.056458,78.385910,-284.628174
,-47.798004,50.017704,-285.413147
,34.256012,42.882374,-269.206299
,14.430237,66.814117,-283.620361
,-13.032715,42.079380,-276.243164
,-50.717377,46.007450,-284.885498
,-57.503235,43.826237,-269.127686
,11.823029,64.956085,-282.569275
,2.807617,43.587299,-278.400391
,23.317261,43.951366,-274.412598
,5.647369,48.206882,-276.861877
,-36.758301,45.289898,-279.832703
,-42.609161,75.282318,-280.070496
,-45.742065,73.598770,-280.596436
,-50.393555,54.332821,-277.712585
,19.806366,48.074741,-275.974487
,10.764496,70.486450,-275.613586
,-14.657440,41.389217,-269.170837
,-39.965637,46.713276,-274.039795
,-46.244629,76.624710,-275.999512
,-54.413971,45.617352,-274.871582
,14.152283,70.095718,-273.509521
,-39.786926,44.105915,-269.164795
,-46.079559,72.957977,-269.202087
,18.451477,59.578831,-269.189880
,11.286346,62.290539,-269.100342
,5.499084,42.484043,-269.129333
,-49.166290,79.034729,-269.239441
,24.712830,43.076130,-269.237610
,14.257935,66.860596,-269.167847
,-42.884918,52.200573,-269.167908
,-54.231201,52.624943,-269.140991
,24.305847,43.389172,-269.128601
,14.361908,66.685959,-269.232727
,10.826660,60.494411,-269.175171
,5.746490,42.300205,-269.162048
,-15.421967,41.408573,-269.168762
,-40.046906,44.136425,-269.160828
,-42.574371,50.523235,-269.209412
,-45.742065,72.096237,-269.167847
,-48.552246,78.668106,-269.115662
,-55.335999,47.761402,-269.124634
,-58.152618,43.800289,-269.216797
,-65.740417,43.408016,-269.158325
,26.072937,41.953938,-262.807007
,20.778625,54.218273,-260.052429
,15.076660,63.791553,-266.246033
,10.122772,60.620609,-266.065674
,2.230377,40.836658,-260.063904
,-13.544861,40.140377,-257.143005
,-34.597473,43.815380,-261.542053
,-48.179504,75.440979,-265.234863
,-51.628082,72.457855,-266.042175
,-61.187286,41.820347,-259.191895
,11.320984,74.260956,-262.693970
,5.576385,46.022907,-261.434631
,-43.099670,43.880741,-261.230286
,-53.332733,78.996506,-261.654663
,-65.739288,40.854473,-258.424927
,29.424652,40.914654,-258.333923
,12.511292,74.120010,-260.781372
,-45.319000,47.583469,-258.999573
,-49.775116,79.456573,-259.421509
,25.471954,46.781178,-256.115234
,17.506104,53.522831,-255.441345
,7.681488,40.228794,-254.431213
,5.608887,40.303204,-255.791504
,-44.737579,40.593380,-254.228088
,-54.308960,79.643677,-254.389038
,-57.109955,68.827301,-255.911743
,-60.076447,44.845211,-253.663940
,27.651215,41.968540,-250.628784
,18.230164,53.368717,-252.857300
,14.058929,50.844654,-253.946960
,-28.911469,40.932735,-253.650940
,-52.775269,74.810440,-252.574585
,34.246643,43.173595,-269.146851
,21.481628,51.641514,-251.104858
,11.602386,42.721836,-250.348328
,-51.032867,47.526279,-247.801758
,-63.007324,36.568233,-245.550049
,-65.740265,35.143078,-243.783630
,30.975494,38.326191,-246.222107
,23.938110,47.169178,-248.375916
,16.861816,60.069935,-246.150085
,-20.172333,37.574009,-246.765198
,-48.439392,38.175495,-245.770935
,-57.137970,59.825871,-247.377075
,34.259644,37.245045,-246.405212
,19.816589,59.153316,-244.805603
,8.669189,36.907963,-242.307373
,-24.963928,31.991947,-234.654785
,-54.431946,61.772358,-244.858643
,30.632599,41.344601,-241.218445
,21.261749,58.475643,-240.747986
,17.423035,56.719967,-242.856750
,11.591064,36.014568,-239.699158
,-57.749634,62.065845,-241.567322
,34.262604,36.436665,-240.590637
,25.802277,54.036419,-238.060364
,14.992157,36.838421,-237.543762
,-48.524323,31.807430,-236.418762
,-63.628235,32.494183,-231.355408
,34.091370,37.731838,-237.870789
,22.173340,56.613331,-238.084900
,-51.655609,35.719280,-235.247498
,-57.905975,57.704075,-235.112000
,28.303925,52.575741,-232.818787
,26.022583,53.972012,-233.348999
,22.987152,52.454350,-234.779419
,14.376190,33.547771,-233.653381
,-65.874207,28.183132,-230.399475
,34.449036,40.439404,-234.974426
,31.432678,51.485394,-229.882507
,17.877991,32.389523,-231.106506
,-51.417725,29.670933,-228.679626
,-57.232513,60.190578,-229.616577
,-60.049866,56.122288,-230.048706
,34.257935,48.543079,-229.167908
,28.049408,50.556377,-229.380554
,20.540222,30.958248,-227.151062
,-48.524994,21.729191,-219.838867
,-54.337128,44.595325,-225.730164
,34.232697,47.039013,-226.351929
,22.334106,27.924969,-222.977600
,-63.107208,24.057240,-222.119873
,31.510437,32.187794,-220.843872
,25.610687,26.442783,-219.699463
,-27.806274,17.746441,-211.706421
,-57.725952,47.829037,-223.916992
,-65.738892,23.058659,-221.986755
,34.127808,39.368153,-221.598694
,9.065460,21.128452,-210.387512
,-54.205444,36.668659,-218.401184
,-57.007202,41.647236,-219.158630
,26.380920,22.587864,-212.692627
,-51.120483,23.816456,-214.103088
,34.134094,33.120426,-216.417053
,-54.337494,37.932941,-212.846130
,-57.166504,40.115101,-213.081909
,-62.768097,14.798397,-204.963867
,-45.073517,15.068157,-208.190186
,-60.282959,23.989918,-210.269348
,34.517059,30.817562,-212.673523
,29.438812,19.485340,-205.532837
,9.233704,17.038120,-200.823364
,-49.028778,16.090145,-208.995239
,-54.373077,28.008854,-204.939575
,-57.037628,25.335972,-203.569885
,-65.743866,15.102573,-205.254150
,-26.900482,11.619793,-199.715820
,-60.022919,15.031376,-202.367920
,31.722504,17.848980,-200.894897
,-48.437500,12.073563,-196.894348
,-51.393219,23.211910,-198.309692
,34.233124,22.777493,-202.956055
,-14.995880,10.911087,-194.514221
,-45.283905,9.205978,-194.073853
,-54.232574,34.945507,-192.225708
,34.277771,20.797901,-197.482666
,22.093964,13.538639,-182.850708
,-48.750031,18.586720,-188.905090
,-51.442657,31.054928,-190.678406
,34.722321,21.561893,-190.434448
,31.425476,14.041164,-185.183044
,-0.895111,9.260464,-180.556274
,-23.928986,6.734653,-183.937683
,-59.149323,7.717476,-185.942749
,-43.876984,6.426476,-184.544006
,-51.377747,17.391621,-182.435669
,-54.392487,16.847385,-183.722473
,34.250854,14.371708,-184.887024
,-56.902832,5.536858,-180.096436
,-48.677399,13.764843,-178.566284
,-54.908417,4.989521,-177.003784
,-65.737213,1.977253,-169.181458
,34.253571,6.430412,-168.952393
,5.154022,6.750107,-169.190308
,-41.061005,2.963497,-169.187805
,-15.595612,4.777252,-169.160828
,-47.991669,9.577099,-169.186218
,-54.208893,2.394108,-169.170471
,23.267456,6.855358,-169.171204
,23.438538,6.873730,-169.157593
,4.601257,6.773319,-169.181641
,-18.112488,4.557629,-169.161560
,-40.657532,2.985912,-169.155273
,-45.848969,8.372108,-169.153625
,-48.541473,8.910378,-169.229492
,-54.490112,2.372849,-169.158997
,-65.741943,1.720898,-169.248474
,34.257080,6.055126,-169.167114
,21.133514,4.133945,-163.287537
,-45.525299,6.334686,-160.255127
,-52.434723,1.050598,-161.749329
,34.278564,-2.367374,-154.411499
,2.017090,-1.143692,-147.870117
,-8.967163,1.888710,-156.132263
,-38.233429,0.936306,-156.521729
,-43.396027,6.888222,-154.370117
,-48.581787,3.799580,-155.964722
,-31.732208,-1.856167,-141.984863
,-51.160492,-1.274960,-150.120483
,19.342102,0.961529,-153.008850
,-34.576752,-1.163799,-146.286682
,-45.733398,7.716206,-153.643372
,-42.696747,8.307690,-147.830505
,-48.755585,-1.906731,-145.858459
,-65.741638,-2.691631,-146.444153
,34.379944,-3.915863,-146.804993
,22.885529,-0.502831,-146.168274
,-15.400116,-0.528732,-140.322693
,-37.014709,0.123356,-147.717590
,-45.193390,5.247452,-147.458923
,8.125183,-1.144062,-140.152893
,-40.064819,9.214840,-142.070007
,31.625275,-0.698368,-136.195007
,-6.431427,-1.362202,-137.176086
,-42.803711,8.090523,-142.368774
,0.170349,-4.482697,-134.324951
,-33.606384,0.855972,-139.777283
,-37.120605,8.207047,-139.327393
,-45.683655,-1.754608,-136.297119
,-65.738892,-2.821346,-132.862671
,34.254791,-2.904434,-138.318909
,-28.196777,-1.617290,-136.194580
,-39.764252,8.187111,-135.713379
,5.392853,-0.689545,-126.787537
,-30.993347,0.919773,-133.813782
,-37.142029,10.587227,-133.360413
,-42.866699,-1.004402,-131.763000
,34.222748,-3.355663,-131.353149
,28.199402,-0.532398,-126.334473
,-28.235657,-0.804115,-131.749451
,-34.601379,11.591892,-130.985046
,-5.438782,-0.720165,-124.648865
,-20.603149,-0.104248,-125.047852
,-26.652527,0.361046,-128.073792
,-31.860352,11.410236,-127.479858
,-37.145538,9.885807,-128.247986
,-40.653931,0.992550,-125.388367
,-17.682617,0.079754,-115.589233
,-34.199951,13.610950,-124.929565
,31.717224,-0.361469,-122.010498
,-0.682770,-0.435867,-118.958618
,-25.354767,2.490326,-120.998596
,-31.324493,13.360409,-122.010071
,-37.584839,3.768116,-119.964600
,-40.068970,1.991379,-121.929688
,-51.557526,4.197361,-116.452881
,-65.744720,2.281384,-118.725098
,34.319580,-0.404377,-124.486328
,24.286926,0.058609,-116.607178
,7.651764,-0.348885,-115.254883
,34.257935,6.604202,-117.739319
,-16.325012,-0.349178,-107.225037
,-34.689606,12.485325,-110.518921
,34.257935,11.023754,-114.882202
,29.653503,7.136463,-109.093689
,20.997650,-0.336689,-111.099365
,-3.475891,-0.188477,-112.020081
,-25.883820,6.365818,-110.443054
,-31.085724,13.374722,-111.084473
,-37.201660,10.915291,-103.170044
,1.739594,2.843212,-110.277222
,-23.796387,9.654617,-101.943909
,34.249512,15.857540,-110.047180
,17.322601,-0.420181,-88.670105
,-65.743744,17.092823,-91.423523
,34.257935,20.715542,-106.310791
,25.868835,10.682674,-98.329468
,20.097260,-0.193672,-98.488037
,6.791687,-0.150627,-98.284058
,2.530792,2.684265,-101.157227
,-31.339447,21.465801,-101.471191
,34.021149,26.316677,-101.155823
,14.257385,-0.450581,-69.167908
,-16.828186,1.801201,-97.291138
,-28.704529,20.643940,-98.958313
,-2.867676,-0.388199,-85.120544
,-34.983185,14.915768,-94.982361
,-36.928101,14.087811,-93.407898
,-14.632141,0.151772,-84.266907
,-21.721588,11.625851,-85.720886
,31.169037,33.165180,-93.737122
,19.661133,0.402172,-90.653625
,2.953369,5.458340,-88.430969
,-31.396271,20.280933,-87.176514
,33.952972,34.128735,-96.101501
,8.139954,-0.319286,-85.263794
,-28.370850,22.134174,-89.371033
,-50.410889,17.664089,-86.422607
,34.257935,28.220379,-89.167908
,31.428192,30.208530,-87.794678
,27.010590,26.969349,-86.591919
,-13.336151,-0.186825,-75.786255
,-25.705994,24.744549,-80.293823
,-34.426788,16.405140,-85.481262
,-39.038971,16.003819,-85.403992
,-46.097107,17.645321,-80.700012
,34.301208,28.630871,-86.354675
,31.648285,40.040157,-80.900146
,28.176147,30.440258,-83.883240
,19.842621,2.879421,-74.967041
,-28.978394,24.366512,-81.979614
,30.951569,36.947491,-78.935730
,17.592072,-0.219994,-69.162903
,2.760864,1.023903,-76.009644
,0.358093,-0.359390,-76.771606
,-18.208618,7.672432,-78.327698
,-23.617004,24.477451,-76.264526
,-38.662415,23.880749,-79.448364
,-65.732727,19.785313,-69.140869
,33.647766,39.646191,-77.891602
,25.271210,9.822403,-73.557922
,-28.865692,25.806530,-76.419067
,-34.291595,24.652874,-77.513916
,-56.838593,20.156460,-69.314697
,34.430481,34.586773,-75.205811
,29.698975,13.064377,-72.697449
,-18.361694,5.105400,-74.313538
,-39.506744,25.359196,-72.398926
,2.219543,-0.440712,-69.167908
,-18.048492,-0.378319,-69.174377
,-28.282837,25.725796,-72.363403
,-32.429565,33.483356,-71.913513
,-46.812836,25.201794,-69.177917
,-52.286835,23.674976,-69.138062
,-59.903412,18.746464,-69.164062
,34.404327,13.488789,-69.546753
,30.910065,8.522629,-68.879456
,-25.525970,0.451191,-68.647766
,-28.599213,7.814125,-69.167908
,-31.456360,28.074741,-69.167908
,-34.313507,30.871105,-69.167908
,-37.704102,27.757534,-69.149780
,-42.884918,27.786533,-69.167908
,31.267029,8.904976,-69.072510
,27.012390,5.459927,-69.282532
,17.703644,-0.237194,-69.157043
,-25.504211,-0.301125,-69.177063
,-28.599213,7.814125,-69.167908
,-31.456360,28.074741,-69.167908
,-34.313507,30.871105,-69.167908
,-38.200470,27.644390,-68.880432
,-42.884918,27.786533,-69.167908
,-47.288086,24.737034,-69.097656
,-52.741211,23.421764,-69.171814
,-58.130951,18.770191,-69.158691
,-65.742004,19.357250,-69.166199
,34.282867,13.542984,-69.221436
,27.110291,0.252739,-63.744629
,20.404480,-0.334232,-64.670715
,-33.702728,-0.450386,-61.497620
,-36.721985,-0.271801,-60.571106
,-36.807159,23.682339,-65.641602
,-42.289795,32.383976,-63.616516
,-42.920715,32.175411,-66.260376
,-56.051147,24.903866,-62.129028
,-65.702179,18.176395,-55.383850
,34.256256,-0.438652,-61.783447
,-47.590881,28.444363,-62.624329
,-62.917084,20.336948,-56.794250
,-45.502991,26.557964,-59.797119
,-51.535187,36.252895,-58.562500
,-47.025116,-0.329784,-52.029724
,-51.031067,12.785278,-50.113281
,-53.768768,32.312023,-54.122070
,-57.633514,32.895367,-52.519165
,-65.865845,16.851040,-49.154053
,-48.931732,-0.391350,-41.374573
,-57.091339,31.026882,-47.903320
,-59.575958,30.928341,-48.145325
,-65.698730,16.647190,-45.864380
,-59.683502,31.241138,-39.477661
,-60.238892,33.035885,-42.769165
,-52.595856,2.278992,-39.126282
,-65.518280,17.924572,-38.145630
,-19.672882,-0.450405,17.203491
,-58.556549,-0.426998,-31.250305
,-65.892487,15.499851,-33.467407
,-65.705109,2.207211,-26.434875
,-65.752258,-0.286083,-21.351135
,-65.741730,-0.395874,17.009705
,34.263184,-0.278473,30.831970
,-23.101929,-0.228924,30.831543
,-65.742065,-0.249184,30.832092
